1111111111111111111111111111111111111111
1000000000000010000000000100000000000001
1000000000000011001111001100000000000001
1000000000000000000000000000000000000001
1000000000000000000000000000000000000001
1111111111000000000000000000011100001111
1000000001000000000000000000010000000001
1000000001000000110000110000010000000001
1000000000000000100000010000010000000001
1000000000000000100000010000010000000001
1000000000000000100000010000000000000001
1000000000000000100000010000000000000001
1000000001000000111111110000000000000001
1000000001000000000000000000000000000001
1000000001000000000000000000010000000001
1000000001000000000000000000010000000001
1000000001000000000000000000010000000001
1111000111111110000111110000010000000001
1000000000000000000000010000010000000001
1000000000000000000000011111111000011111
1000000000000000000000010000000000000001
1000000000000000000000010000000000000001
1000000000000000000000010000000000000001
1000000000000000000000000000000000000001
1000001110000111000000000000000000000001
1000001000000001000000000000011110000111
1000001000000001000000000000010000000001
1000001000000001000000010000010000000001
1000001000000001000000010000010000000001
1111111111111111111111111111111111111111